11111111111111111100000000001111111111111111111111111111111111111111111111111111
11111111111111111001111111100000011111111111111111111111111111111111111111111111
11111111111111110011111111111111000000000011111111111111111111111111111111111111
11111111111111110111111111111111111111111100000011111111111111111111111111111111
11111111111111110111111111111111111111111111111100000011111111111111111111111111
11111111111111101111111111111111111111111111111111111000111111111111111111111111
11111111111111101111100000111111111111111111111111111111001111111111111111111111
11111111111111101111101110111111111111111111111111111111110111111111111111111111
11111111111111001111101110111111111111111111111111111111111011111111111111111111
11111111111111011111110000111111111111111000000111111111111011111111111111111111
11111111111111011111111111111111111111111011111011111111111001111111111111111111
11111111111111011111111111111111111111111011111011111111111101111111111111111111
11111111111111011111111111111111111111111100000111111111111101111111111111111111
11111111111111011111111111111111111111111111111111111111111101111111111111111111
11111111111111011111111001111111111111111111111111111111111011111111111111111111
11111111111111011111111110111111111111111111111111111111110111111111111111111111
11111111111111001111111111000111111111111111111111111111100111111111111111111111
11111111111111100111111111111000111111111000011111111111001111111111111111111111
11111111111111110111111111111111011111100111111111111110111111111111111111111111
11111111111111110011111111111111100000011111111111111101111111111111111111111111
11111111111111111001111111111111111111111111111111111101111111111111111111111111
11111111111111111110001111111111111111111111111111111001111111111111111111111111
11111111111111111111110001111111111111111111111111111011111111111111111111111111
11111111111111111111111110001111111111111111111111110011111111111111111111111111
11111111111111111111111111110000111111111111111110000111111111111111111111111111
11111111111111111111111111111111000000000000000000111111111111111111111111111111
